5114
9253
52991
28977
38524
41467
39486
11061
9969
15417
43608
820
42938
34096
51535
918
35180
4181
28851
2904
15335
37987
35247
37491
19
51009
32281
45649
52198
47917
36838
40682
49387
37510
31758
40028
47778
199
32935
263
48583
50399
17074
52034
1
37521
50160
53998
24701
35737
33095
2921
48569
50172
21
44
1575
245
21939
45576
44074
46102
54492
164
33352
54898
33050
5258
431
34599
457
41084
23273
11665
40591
28891
40748
54595
2001
36862
34591
22135
35760
1535
40456
38329
7311
42310
3786
19647
53273
28957
37991
50265
4565
33
31757
32983
10379
12355
28735
7785
36098
32
11741
40417
40776
44511
5300
877
437
16498
40664
170
21329
40834
12365
30484
38474
35839
4282
801
7472
35843
578
205
25777
30276
47194
37779
31933
30654
33049
49722
38000
32182
12431
3297
36649
44087
48561
11981
6114
40434
10165
53236
49413
392
50330
37379
40059
31181
11577
38475
36999
20583
26055
38040
42203
24687
36885
49310
21899
37105
49721
38889
467
2246
36538
34612
33255
25781
39741
46095
55644
136
37999
40787
5028
37208
36275
35851
30709
5205
37965
32366
35557
31646
22789
14397
5
5941
49926
39535
39551
37515
11979
38450
39808
572
9260
9756
2251
38883
39547
50594
10162
30
41025
6945
777
9617
10030
46654
185
40730
13601
4921
39587
10937
22535
20651
5040
2559
51440
5081
49918
41487
12029
338
37095
44070
17389
7655
51179
34534
28701
39533
31988
137
48316
6594
5420
4081
1210
5341
51019
24415
12531
45556
9989
2402
49596
31043
1365
30230
3784
42886
41457
57
30346
486
11917
45
50602
10863
38826
43325
38691
10087
9735
10408
22507
39247
6675
13125
25835
43
1698
759
2685
44940
34798
19363
51805
3002
38731
36371
264
32937
1735
329
23327
2418
513
32188
523
28805
52578
37520
10271
139
31812
1033
36990
37450
53111
53127
37989
265
54856
11843
53540
34036
37055
33051
5690
31240
44055
15227
512
1842
585
2966
38003
38680
40052
45577
48736
2150
53393
6
3091
23847
25681
16894
18115
11977
627
38234
35838
9863
372
5460
35111
44042
16664
49052
54959
12115
50612
1142
42897
6811
49114
49909
35466
38249
440
35677
1453
558
3226
33674
40729
19123
32843
37171
32867
50587
53887
53672
6864
40853
49590
34537
18195
50709
23623
7674
34636
10800
10534
22297
18617
1889
138
962
1519
50183
235
32005
38088
40852
36946
813
25537
39166
186
7791
38481
40911
4107
47
232
18
48661
33323
37514
853
50380
28675
1430
9890
42894
30503
28171
40784
34572
28223
48549
36370
49053
35110
37962
50325
53411
40421
46569
3701
11597
4477
49521
721
50416
37430
31715
50407
51096
41361
39792
239
50528
36296
731
1604
35857
12859
37078
1827
39592
10153
15323
56523
1364
3371
25313
6467
18689
6746
121
16662
2581
30831
1566
8129
302
40542
29831
2236
21469
52826
30370
33486
35608
3702
37822
32122
40815
15059
20899
51367
14713
6336
31051
32902
48895
9130
339
4938
28025
34076
23283
3901
16918
12069
24833
49709
3016
2951
17739
135
39198
3927
50796
31658
4155
13759
32282
4722
1382
4224
51039
10643
42429
12189
2449
22145
19815
1486
11771
23317
35062
42941
40907
24277
39783
6547
48585
1471
2025
1367
21419
27833
38081
38668
3665
1974
8425
30364
38993
31251
50631
237
851
41402
21557
1257
1559
44931
34822
4918
41781
2164
49320
27821
36369
268
18661
18679
1943
52865
2034
31149
33161
54112
25013
37870
889
36456
781
1363
1506
227
72
51318
4901
49701
589
2004
153
3783
34626
9204
1914
52347
42923
535
5681
16049
6211
5365
40174
27663
1482
3167
29755
7054
81
14513
44235
16706
14807
6045
40211
49782
35788
1065
14813
54915
2563
66
2167
9963
4789
2759
6421
16
27989
39468
9996
2448
20
46422
1023
50346
34376
42916
861
23199
47904
40716
82
9656
40397
40080
6171
846
1096
53199
4672
77
7720
30015
401
35790
35382
31173
39565
42250
34440
27831
7465
387
38422
48411
4772
44412
223
39570
967
36963
5029
16067
4053
42249
54918
52741
25879
54029
32615
2154
38349
996
33970
1530
5678
33206
416
41169
20507
12477
36949
31973
33221
2076
7222
1089
10721
17549
10049
8740
31174
5682
52684
2618
35968
38084
122
645
269
4059
34100
2890
55315
21855
11239
16001
38080
15689
11113
793
18179
21647
658
4106
49571
54790
543
41782
34944
15
73
38337
427
11739
12031
6774
17265
24997
37675
35848
54714
29803
27775
16395
28
30279
14075
1470
34437
7338
6438
22961
790
2952
35222
3907
9289
7062
187
13331
85
48926
27947
1088
28297
12815
48580
37786
32995
3228
995
31098
29893
532
38408
2761
31339
2924
26213
2829
14719
7711
49828
1695
3572
31490
957
114
24
16782
36563
50593
2159
38201
37932
11813
18397
20057
48171
2752
41389
41462
31964
34438
14353
780
36028
7645
934
35075
36593
1594
48548
52976
12113
10012
51680
3014
10080
52168
4985
569
36215
6007
33926
23777
2158
949
42166
6377
40615
35507
9513
37435
38409
2450
48702
779
37150
30415
2828
249
34021
42745
25517
49430
30952
32547
25161
322
2605
8063
18429
50360
30885
26123
20371
36702
22
9941
44218
51552
23225
35798
38770
8408
51995
37029
5680
9734
15039
14175
24471
39534
6862
429
32380
31741
55742
50410
795
400
11123
3588
52093
51761
1921
41611
53126
6586
849
32093
17909
41923
890
32998
39195
9465
388
12893
23289
29093
267
40262
3604
40046
4280
4087
33190
34504
37765
28725
1376
4163
39575
29830
12445
6582
52305
42640
10521
12403
24921
31478
2035
40372
35082
49220
40215
1485
46352
9724
7304
2471
40956
2623
28669
4872
2762
253
49893
32871
33489
40082
23293
34745
49784
50739
36796
36106
1172
38850
37936
49574
202
55310
21185
1472
1366
9563
39938
451
12413
16916
14349
4472
22097
1729
28881
8038
15771
34451
97
19613
42670
40858
397
43439
45055
16870
22319
34375
40935
10029
1505
2397
37033
1491
254
283
9252
6351
6768
966
4447
44248
2321
33280
49738
468
570
3545
5310
875
9088
40814
2273
48849
29829
21867
49587
30902
49733
41674
41461
552
985
41497
31433
29787
1824
35806
11237
21877
20431
3782
80
49776
19111
1425
13203
8310
7588
33263
6115
3750
35073
210
30727
20815
10083
26
6505
55651
95
7044
30123
31733
35320
1571
29095
37873
28999
1473
8142
39764
8609
35120
48830
35198
37959
2508
38333
35678
5630
1092
35658
19489
39196
353
464
1254
1253
2143
10119
154
23775
1279
32673
5005
11001
56524
37985
40854
40429
978
38990
1818
40906
1281
17895
15809
4886
5781
43691
93
1379
11887
32870
1887
52955
40435
709
42091
39940
10090
32869
4080
8795
31592
20159
1007
7724
91
534
407
1293
42847
37924
51218
41780
530
1520
38145
6033
47164
39014
38400
19319
740
531
48780
28479
317
31637
6984
10357
18153
25015
50203
597
37442
1719
51335
24893
8311
50273
51533
479
2753
1562
885
5074
51536
43523
23249
31483
9074
39619
8514
14741
2724
2994
38436
38671
18619
25303
33899
3603
38619
4814
35363
22673
19703
474
1211
48375
1910
1462
50695
20767
31289
41140
517
35860
34914
15959
31772
31704
21339
2582
12017
1000
40620
1375
34284
36214
10218
6024
32370
51916
12117
27633
5835
5231
13767
39959
49123
997
120
28907
36094
13119
8426
516
34544
20517
48916
2313
51678
28069
50608
50275
37773
34445
48553
7193
477
8516
10092
22777
37501
32491
40269
324
21659
2175
13667
35240
2547
20847
90
44586
15117
54591
30311
4454
323
34428
6591
6154
2104
5485
37804
35503
33502
2451
182
53446
36653
37956
13535
3841
14735
34430
30191
4192
4811
1888
450
48804
38101
33337
32863
28249
21405
33071
33354
233
8687
1015
19115
42940
37704
87
10460
15487
4898
9510
396
53129
54565
6213
12883
53526
6956
46431
1961
49283
34439
33032
22043
35191
31859
3931
38777
8525
31227
2963
14511
23755
18849
5530
528
35777
50613
44196
39071
39651
31764
21667
12021
36513
398
9926
441
19775
2499
49877
31783
36904
32717
21995
24913
4177
39681
7305
874
3785
74
644
53716
34542
14941
1239
6772
371
42423
32979
19671
240
42625
488
16904
37306
2454
251
23385
6172
50403
1412
1915
38958
444
1011
290
18119
25729
33064
48491
54842
540
1002
856
32977
52193
52229
8247
150
951
34349
32551
345
22265
34855
24765
1813
852
9288
255
25649
51369
32792
33191
32268
37027
32729
28927
2594
44059
208
65
582
21843
38594
38373
331
7592
35067
34161
21473
41141
30240
32836
47257
30549
6444
539
10278
17437
9000
2557
18245
43299
1690
60
51836
32948
123
18055
33446
160
228
3713
617
53499
37869
7471
36704
71
13117
106
6904
52364
24439
1606
35079
5494
22125
1483
24543
38414
50672
22101
38917
1650
5751
41488
49570
18753
35672
41433
1946
38002
51989
110
54005
25341
2961
905
38086
33845
50425
10350
37972
10935
145
2985
39585
1699
42351
21755
49858
40665
96
51815
34973
10389
34577
40331
52747
1008
9751
39597
15731
40357
50307
10717
969
22583
24405
35789
9441
54846
33253
42238
11737
2213
44200
4596
9785
2665
35972
31931
4725
132
821
43609
9201
24151
9471
1689
2800
40416
54743
2673
2229
6702
37958
37109
31989
6637
6927
51462
1567
2593
23321
18897
584
16239
40936
40351
39355
36286
40392
3515
9745
5507
49200
39477
25801
36470
6046
1985
29854
7762
10495
38578
31765
36474
34902
30413
37341
55153
3090
7647
48779
7303
37176
48903
986
36064
53148
23251
9065
2037
1356
2174
12725
452
2012
27991
1289
3466
33520
6050
48438
52211
53585
19511
31953
10161
2549
33091
53874
17249
55454
40221
1095
33519
1418
40571
5162
3001
40111
3673
8190
37407
34561
46
32542
8675
2787
34547
1557
9790
1372
31711
39495
1830
2558
21435
28677
880
9062
39555
40024
1240
36896
18671
2392
32915
30778
38027
28539
129
47160
37141
41061
6372
37007
17
449
304
13709
67
4182
33988
36561
28121
1301
48707
36754
6624
7270
250
42590
9396
340
36038
51105
11371
2498
6802
49891
32681
42266
16241
4651
8197
567
13851
8937
18139
48405
11531
49661
44141
34374
22819
32828
53881
2214
39178
11359
36480
455
7661
40861
3165
13403
21327
38790
53621
51116
8532
33089
1087
22817
41471
19669
7627
24135
462
2112
708
14407
37807
50221
37621
6793
41221
1563
5274
522
10500
9979
23135
209
51297
15989
3369
1861
31380
10033
10715
177
40590
50667
691
37996
6347
43756
50248
55655
35424
31552
41120
1251
14131
4039
35321
41694
9760
11135
37497
1003
103
4981
20031
44406
8086
6152
31376
430
38710
2026
2405
2002
39538
33209
44376
914
2848
33034
38804
50590
49361
35984
55818
1212
34134
10588
41590
6773
2562
46093
49618
52291
51769
10216
37976
3470
37682
28771
2198
31821
4835
38410
5177
5348
15925
50207
31706
3213
40323
38816
23269
50197
31418
52308
218
40879
194
7877
30347
33338
50663
39921
44807
6634
34984
51958
35241
10790
12487
5713
5249
34414
7651
53149
26243
5493
13245
38659
54123
1642
14189
52736
38793
10716
40389
2202
33350
857
9919
1488
1050
31553
16934
1478
35823
2514
40044
21273
551
33378
270
379
3092
12291
15061
35015
9645
43683
10259
8331
21743
226
17729
31665
15451
37614
41567
9366
10568
19191
22693
13655
54850
1034
13587
23277
15775
37426
40314
39569
40540
2608
47405
481
29
2424
14227
49026
16005
54761
22199
5251
11111
53933
2987
40942
5291
40841
39049
142
36699
727
2227
36522
40504
31
37441
10469
13267
10378
428
435
32900
35828
352
10589
351
38555
34262
5419
53876
34514
5671
15793
3420
34480
36962
1577
5712
10573
11889
2820
1651
3317
53859
38435
33302
18497
18499
16273
50598
22147
49834
12187
1069
37516
15197
48542
5096
40454
9982
41219
31389
7902
13629
287
587
17273
1852
34420
36220
666
10067
50854
1614
35821
27601
34513
32108
1391
1663
8479
10497
1773
8217
12679
37305
53879
5204
22763
37475
37984
49483
3848
34136
39491
327
355
35759
8407
8726
16524
5118
2257
5306
1459
54463
49236
3972
40685
5538
814
28979
9047
3036
24365
44191
1924
48727
102
30868
13349
25687
33672
37348
1395
33731
49930
26023
47410
6553
3449
36903
3392
433
50287
17947
33183
334
15315
48953
1029
30296
166
21573
879
48643
15437
17187
19195
27411
8100
593
6187
37890
8476
490
37975
30736
1913
21737
52962
200
44068
41595
23701
11553
3613
39469
30790
11319
28405
1686
3744
8369
6573
2171
30694
50002
55993
1393
8215
18465
49345
13115
39730
36823
40842
10999
14467
1327
2889
50532
1477
32696
37349
2409
15195
24703
32215
9938
3731
1579
985114
333
39806
8246
49730
10257
30187
51215
18523
40870
27957
49980
8995
696
10731
3974
13663
11743
16011
10714
53833
54285
14289
5141
11793
33157
1006
40735
1911
3672
50710
33094
24627
36160
1840
11433
38740
40904
1681
36934
4037
34103
52505
6231
35086
5684
25183
32071
10793
2749
3652
54035
10471
5228
42994
33248
9136
2971
9834
15051
76
48483
10620
35078
51145
23301
792
64
16123
2903
3674
2596
8557
5262
33082
4188
20785
38357
12053
3199
34277
8857
23281
1608
53074
2923
16417
156
975
36951
5075
6093
24919
49409
50537
44388
59
39175
44616
51586
10703
2676
14837
505
364
242
4060
11663
16528
14753
31485
31580
22729
11235
586
28755
21395
25731
51038
134
15613
4312
38472
34012
40908
49835
42750
1590
32526
36565
14527
14575
39705
32026
14123
19291
165
34494
8317
2942
2013
47159
20977
45598
181
44069
38491
34792
54312
4416
17080
41714
25
1728
2014
19021
2203
183
35673
35333
50552
8457
25519
2548
2225
38824
3076
41587
1474
37597
19645
6922
1747
6291
344
36545
9032
11013
15591
5290
1241
38959
53414
50846
32668
1873
527
573
6056
167
38787
3626
5233
489
389
32574
2743
31798
10209
23441
40496
1972
20541
20221
36616
10075
11933
1060
42391
32485
35338
130
131
1815
2216
2978
8098
560
41814
113
42587
8756
54803
4138
35756
33028
40056
501
1684
12049
35889
6895
35327
54118
2757
1292
33818
38699
42519
2813
1479
2036
1368
31201
2553
1441
650
39586
31326
10765
2228
39988
48612
2204
2458
15813
2084
24227
38992
50185
34549
168
7041
2098
19285
52082
7858
24459
1190
12015
43556
1919
798
55684
25755
15911
763
23319
3352
30344
4654
35645
41409
51390
40734
18177
12149
33513
33506
18893
3006
40060
8888
6460
13837
47413
2656
906
1394
23311
506
1825
32648
42387
714
36824
13469
10298
1878
1454
49827
44204
207
2040
48590
2834
40513
36043
27787
3965
10178
38313
54301
38528
1010
23421
20709
47790
24037
2463
92
8841
19193
2044
3268
1064
4062
41168
10928
9124
50461
30714
6896
1117
238
34102
10464
6572
1170
38005
37986
28285
10798
53698
970
6408
4970
40004
2116
1475
5267
23703
38533
34787
2330
50685
9611
3549
38753
1589
10479
68
1521
32365
15927
1476
24655
7045
2393
38360
17535
18507
1392
15863
4639
42956
48857
38476
11617
33241
33490
9023
1091
52173
3358
53671
33443
1419
50094
1439
12917
3225
54883
30016
6325
28149
616
350
5252
4114
10020
31918
17875
37596
18041
13429
5355
38759
31327
9893
10232
815
2337
5832
5332
39024
41094
42629
565
9874
30547
10713
50404
50274
3712
764
50
2969
5244
14669
1347
17269
1078
2817
22839
23383
29067
17121
17641
2512
48649
1858
21681
35376
5998
10804
56243
10536
17643
33106
2039
10624
52973
51794
601
2107
1238
1526
42161
13599
10884
53367
4715
2758
40902
2555
1764
868
2544
3272
191
16353
1424
5953
38483
36652
21031
40005
43470
5984
41290
5909
7662
869
15307
198
23725
1146
944
3009
48471
35249
49241
1744
33035
49938
34443
2986
1278
8362
10531
55733
901
13335
653
484
5521
31500
54103
822
37303
1021
49520
49066
1536
7972
53613
5593
42192
908
476
32740
1030
21075
36884
33654
49438
6288
9213
39487
2818
520
49847
17505
2489
33983
161
5753
13391
42364
12067
1171
867
32105
1081
1072
34086
1303
30458
807
8115
36910
45599
34863
40109
33362
6381
13333
10294
27
39380
38250
35626
3051
878
4038
49
656
8676
49599
280
6948
9120
13931
14345
24469
8359
5065
2670
38530
52081
408
1886
36317
14811
5578
50401
10805
16009
483
1426
519
158
3468
2488
37618
5273
16762
2472
1203
272
2847
40587
4015
42826
15963
20671
959
3958
845
15439
4186
17259
1432
40497
31884
99
36936
4437
13093
5395
443
770
40881
35330
2744
48941
710
1231
11499
5277
15751
4061
32175
152
855
4884
33004
541
2577
3859
2129
37993
38999
44221
1891
1892
49759
45489
101
11266
35262
14967
38186
1674
6149
15199
51251
26349
10638
34299
35740
52999
356
18229
49692
31997
36686
40938
2336
8768
19951
1316
42361
24781
40272
37403
3791
7870
34618
39819
3460
1678
6930
5197
6783
55692
39576
5150
30300
12729
13357
13271
35413
1004
1288
2269
2927
28623
45486
633
28013
2253
51203
9181
6712
1655
31414
52657
1565
3292
28497
25647
9793
9888
536
34649
32174
3089
2126
75
33013
36539
30901
42962
20359
37164
42284
11701
15687
2398
2648
2649
54042
9135
4189
2916
411
6574
42422
2073
5060
1206
42106
18295
5710
52
844
10918
3577
41833
2954
3469
34541
3342
2929
3655
13585
39753
42282
11179
14267
12753
4618
44275
24029
5034
30649
117
28869
52178
2408
35949
35159
37031
335
738
42340
50384
32051
108
31756
2835
1302
2361
43349
36803
4028
45425
5958
6380
5667
30419
44061
8481
30870
282
40532
2922
6676
11633
35815
1222
22433
1450
50549
15109
2597
39026
1250
45558
381
2484
2400
20689
27969
27829
34281
1410
38815
32806
31771
4690
11053
5760
37347
664
8503
21039
41710
43692
37884
56218
4550
13261
40661
6980
34933
84
1090
35145
4375
31678
40246
1437
4483
1609
14833
51498
37175
5597
12467
32566
326
15651
53873
418
2182
3861
48965
28495
28621
16868
42668
2816
33581
38921
7
5764
30321
30911
33558
5947
550
1195
306
49979
37716
33929
1723
485
32189
8915
38656
2515
1313
2675
2664
36491
6401
2030
1534
655
3568
3327
40656
21635
386
3335
20903
34125
30991
40833
940
35639
16732
29325
40974
37023
42290
10110
6067
36923
28299
3887
40778
6560
9061
29786
50339
2407
2294
34391
29583
5834
2487
1374
963
33074
11777
51068
330
38098
1040
1722
6030
34238
1191
22273
960
3256
341
37492
4382
8022
4663
10629
50652
51653
37937
935
49386
2806
30740
11759
37204
713
30869
9117
30206
1373
35459
5356
20479
15201
1369
2654
38653
32930
1524
37140
34279
31324
246
27945
15699
39676
38733
20853
1358
16774
665
56842
3010
2825
5675
8363
16592
2748
974
424
20509
915
15811
4551
31158
10189
6954
606
190
51458
5084
13409
1237
48406
1255
33726
16694
5854
2585
5226
9241
46587
38480
7058
19251
2087
33758
1932
3692
4703
2125
31245
48453
11757
11341
6758
1144
31297
2683
38217
41528
482
54041
12669
44067
10396
2043
9488
35849
36466
12231
1126
12875
49690
27631
24625
45620
28607
41006
16700
40230
41514
15735
953
37307
37981
1808
3245
10870
39675
1110
3437
16444
3467
2152
33606
465
2020
10711
1846
1259
2193
17137
13055
31280
1080
48537
31374
31670
37086
274
11313
37178
6163
837
4903
2286
49040
10628
5091
2933
8460
1168
42206
28683
1094
107
19369
31919
3765
34300
2111
9355
10483
4581
8934
19211
173
3000
1147
10862
2500
14835
34604
201
3322
45196
50444
712
5525
9925
31754
40128
53905
2383
2913
19163
24031
6198
9786
53780
31163
2655
2222
43555
4726
34662
42030
56146
20457
15617
4119
314
39078
32015
40507
104
2756
21797
1352
3627
36633
2513
35425
652
49519
9865
55115
38972
53040
94
147
10152
31952
34784
2542
1013
33605
27825
192
21105
1397
604
6116
2736
2948
41619
2200
48641
2947
37902
31378
36927
21073
2283
34126
50932
3956
4068
1965
22859
2113
43693
12711
3593
28841
21189
42632
35220
883
1362
390
15077
180
2009
36305
23447
19759
7152
11697
32827
10834
15711
762
10163
48735
37338
61
6988
27525
48760
6795
24231
2808
38383
1691
34290
40880
34712
54437
2038
24475
521
3345
12979
10686
6023
12673
9981
8133
12221
48624
10334
4664
23987
3624
3220
5351
15379
50338
690
3247
1164
1196
44273
49376
4879
3305
19653
2151
16468
7769
37578
16442
51986
1538
48414
399
41456
2117
1823
100
1548
866
31486
41762
3044
23587
55802
36186
7955
35000
178
38741
10681
42603
10719
369
9348
32494
2803
2354
34962
1845
18411
5041
43205
37490
14645
31499
28387
51464
39610
51614
30205
1983
9340
1312
39638
12879
15583
6880
1132
2672
2660
48997
19159
15225
49154
6064
37304
42822
37447
37364
6604
31610
42985
2518
34978
3136
19221
20939
1120
37440
49275
50664
6581
1531
4067
39478
38891
48556
9055
3594
1133
49318
22689
19117
3088
3137
2427
842
40909
55809
51334
54947
54234
1731
34915
37916
31178
35880
7745
16201
54141
2561
15611
3087
8364
17113
2907
2661
376
18393
40206
1299
5670
2416
35982
54362
9958
5929
2899
14765
1145
1086
2335
54852
41103
3485
32245
6707
39574
52890
276
277
518
32153
2460
8917
42899
4134
2912
8415
2108
19469
6153
529
2254
41520
16668
1215
2048
4246
5079
32949
15359
206
6299
23227
1941
46420
6512
5200
463
8171
2385
51705
32951
22865
5504
33491
33033
34152
3125
31370
42187
976
51692
6951
8894
311
51473
42163
2706
9346
24973
23237
30711
3727
2666
38895
893
3230
380
36144
3508
33025
3231
1906
958
11077
9332
39184
394
35834
21437
31978
5216
9379
2677
44025
50414
23279
51020
1371
40530
50462
2602
5717
3421
1335
44408
1416
39972
7616
2573
32698
8234
2926
442
2805
613
785
1564
34540
15649
6713
11441
21561
37396
34642
35847
2486
3754
32924
39518
39912
48962
13073
415
961
40991
5458
30829
53
36800
38963
50205
9544
14751
18441
53439
41468
332
902
9723
2694
28825
256
2745
39833
26441
48775
469
3229
911
52934
38936
1422
24455
47614
195
8423
50917
49134
10825
151
3806
1381
3221
990
4050
6016
189
21863
14817
35946
32829
460
2386
10448
1847
2543
31564
3067
42798
49160
33969
2583
49357
1101
16866
17699
39324
49285
42481
36553
54198
36950
39790
34350
2333
34465
6164
1736
34870
40752
1498
7059
2199
27653
2962
2659
41053
654
12419
18713
18835
3298
23153
4549
1116
11339
13939
2920
1576
20787
2589
3203
40329
10444
4200
6151
603
1931
48505
23083
53438
35102
3027
16035
17717
3670
32376
35566
51064
279
41884
52149
1017
2734
38292
1738
11021
1199
37126
459
57034
3363
53263
49627
478
2452
4532
6169
2747
37579
4752
1543
5702
33417
6999
566
687
5992
2331
40646
1264
3021
3269
2810
40295
10447
41224
526
568
831
50240
1826
1683
2671
4798
992
36783
10504
43206
1180
53050
37302
1967
52186
34104
2901
1261
44064
34607
631
1138
50586
3111
1732
40529
1118
34304
1835
29317
1108
938
42544
144
2077
1516
4198
8068
10336
40134
629
40327
38198
16143
34325
1709
917
1942
22359
678
1066
33031
41842
40763
41353
51225
2429
1246
3486
34176
50429
53477
2937
37451
5032
1796
2658
32887
5658
1016
8074
54858
3270
432
17497
53406
3638
40602
10647
54
23359
3745
2123
52318
2950
898
393
36184
6959
3219
1490
1140
8120
5983
56425
25159
41051
3223
1969
41109
50544
1951
3837
2931
1619
52045
49755
33949
31645
6779
28215
609
6203
33713
44203
39250
8909
20035
7654
1860
1920
5397
7861
6098
876
760
19697
25157
4896
6567
51195
3614
1897
11375
40266
36848
493
51280
5163
8360
930
3033
2669
25383
2652
32801
6361
23619
9931
2799
7337
45574
5978
1556
34106
48791
17247
872
22071
3462
30014
52092
32553
6884
51368
37826
17467
32160
39292
2000
1124
929
5279
32038
8134
3281
6379
1413
7066
8666
2570
607
16434
1601
32094
2110
2109
6974
20973
4063
49202
5220
27441
29163
45653
2170
33036
21851
34019
6917
3738
13171
26165
54875
31588
1205
659
1803
25389
54444
27567
30988
383
36789
23539
40192
53262
48753
52446
1901
36625
1554
971
24727
32086
48824
14027
3432
12651
2355
1046
395
31368
14653
4156
36906
31405
3418
9159
40839
3110
3222
20649
4195
3121
634
34389
40966
1184
252
41556
1588
34209
8424
12119
3059
5023
23673
2141
1569
6178
4191
49572
11751
79
342
18277
2011
1555
1652
53132
553
50175
38220
10821
620
12709
448
27899
1514
10321
42898
367
40930
286
34901
31417
58
9539
18745
2124
111
1778
9200
4586
13839
14829
47409
49338
2230
16982
2998
8206
31234
2132
3946
2569
2264
10456
48890
1435
10397
4056
11761
21603
3550
24171
1688
37983
912
32013
1944
40313
16051
42395
21563
865
1417
33299
16890
4926
5030
40100
15905
2369
3218
4021
50629
55740
3098
35540
3138
5307
1602
3332
14617
36475
1128
21439
19023
3691
38467
36798
30845
5196
1014
13183
2624
3185
1929
1179
2815
729
42176
41918
1051
8475
33573
998
10210
33728
33730
7081
17917
11783
2667
2668
2634
2517
1045
36344
30825
31737
18343
1592
2938
19619
10372
16033
54014
44090
1429
6262
10370
10807
524
1792
758
10822
5691
12823
2604
37449
39995
4162
508
35044
41226
732
33589
21085
19383
30641
30813
36726
3354
605
22687
12695
5830
4183
16742
36775
48956
284
1079
33254
50581
34644
37595
33729
32313
6747
2674
36342
36343
384
3299
11785
247
24261
37814
3616
2298
15819
12175
36548
7261
1209
4662
2490
39652
5440
9959
1236
41312
5968
17819
1336
8410
1696
1869
11019
3424
34302
907
1493
941
17391
2415
3455
548
56273
8358
29437
51782
30925
39463
6867
10507
2130
52993
35965
31853
834
596
30383
50281
3312
30290
456
4765
6463
1025
2176
33218
35960
1414
41530
31722
49448
6219
23285
12281
36692
40732
37569
33286
40485
42385
49860
48684
49569
40733
8986
34009
6941
20449
32899
965
230
3079
36873
23361
4071
1962
45782
2819
26057
33203
56601
24347
598
34825
20039
1573
9013
39531
1384
5019
33003
3162
52614
30307
1329
8769
35484
31138
1122
1166
20047
35994
8057
1968
9154
31815
2980
48239
9712
7761
4086
1135
10659
48252
24211
34754
32151
5199
51861
36536
3667
6312
7014
7144
24591
44071
754
48
10737
313
2554
31080
1550
1668
6901
41266
750
3446
1311
5071
37103
3116
859
3032
32212
37292
10115
49895
2997
15785
3947
9776
29513
9547
22677
31298
8
6217
291
1726
2657
3012
52214
43568
40610
2999
37719
30030
2389
4082
24909
5967
1631
21853
1438
4851
4997
2741
3656
40483
1546
162
37221
15807
52461
44037
38050
10775
32034
36537
54881
12321
343
39942
1922
42950
4415
3505
10923
49426
2300
5298
52046
55130
50916
4094
12293
933
24169
13163
55191
40806
4205
3858
8140
36967
1399
157
1659
3483
2223
4807
1137
34658
4936
9999
5520
33372
51956
325
10302
1492
3493
6344
1357
5203
40586
48675
45613
32686
40062
3654
54792
2279
16910
34533
2144
621
15719
1093
53432
13659
14749
525
39591
49939
116
3174
40486
7768
42893
3159
32881
26453
2470
33478
50770
37864
41785
27655
1798
3631
48992
1186
31105
1953
10116
10418
3561
37997
2662
38062
9314
127
243
13561
43204
44270
51616
358
1225
2705
36308
751
33080
16157
36855
34244
34008
2206
33335
1707
39017
10893
34338
30896
8097
1436
48417
7308
27539
48305
1710
3186
40659
33994
8542
36688
29027
5955
53379
2746
40979
37184
6489
1249
49316
41341
20969
33037
31909
9331
3266
579
6280
44983
53246
15159
42455
29101
35868
42392
1848
4876
7728
2390
1864
44516
3653
1434
10690
50012
39948
14293
3827
38431
1119
11569
31559
28617
11227
4214
419
4650
1104
9675
3318
2797
20909
28423
39080
40578
1400
632
50597
6946
1152
229
41345
32962
34034
37921
34927
42205
789
2716
30355
49915
2006
15489
35932
49235
34777
1797
1028
1762
5342
49793
3407
33475
2651
507
35228
28211
1774
40969
38161
303
3359
3043
37206
56442
17677
1049
50985
31056
42454
37860
22189
25719
16726
4476
13411
20673
6610
2891
38235
10934
12963
1457
8876
39388
3447
2157
36473
1421
41511
3356
673
34820
5962
2751
936
34346
2363
4026
39991
37202
19365
20843
31229
38015
2263
2586
30375
1837
3419
174
28835
10249
3072
689
1111
50768
4088
32230
39710
50925
30919
39489
37722
3737
3457
49305
312
52949
405
53670
49819
11457
40465
2595
29589
44065
17357
9347
2165
1022
33658
3734
21407
40359
6566
636
20423
10191
6554
21671
34032
3388
9693
37926
800
9798
1954
1489
3735
10592
1258
561
38918
538
3935
23425
17635
41750
10122
5039
4078
20745
50923
2248
39539
461
36683
7695
36995
212
11835
33019
7375
48867
623
8250
3574
40489
39606
3196
41215
1843
37185
308
42359
1248
873
35285
1214
36566
38629
8394
10155
16385
1151
38085
3053
21431
3710
4983
31068
3811
475
24457
22057
20045
50433
7669
36793
7817
34227
52420
1068
17827
870
40064
126
5155
37259
3689
20945
21653
37210
3129
1637
11079
4786
1504
36982
4411
31442
39689
38971
55463
49457
36497
592
10549
54772
10819
48761
23201
28625
21195
32555
10276
1587
8023
1648
37886
27887
40298
34471
51288
17409
1568
1720
11837
244
51716
2118
37623
37914
4646
8367
50562
2722
956
16512
2678
993
37858
12225
43591
33204
44097
1448
981
29785
2598
5914
42963
3349
6509
38301
48845
2459
11009
35905
41223
884
28105
968
21511
53163
17741
20505
18045
23945
6324
19831
37087
1525
6973
8800
677
10014
1584
36439
4166
1539
33023
3868
55272
47044
49263
14355
38536
2404
36864
49303
49487
27727
3690
1844
5031
36049
35928
3031
2630
900
5152
34552
51417
40761
7559
38489
10842
1829
4240
31096
811
4935
10794
6008
10359
2556
32323
2579
53731
51781
1672
2121
8728
8368
37496
892
30544
32607
29853
1859
1465
3285
11161
642
2772
30915
35776
5042
1578
6794
1502
50010
4202
4151
40460
53077
196
5526
49138
1553
44212
9906
9673
4208
43483
36432
1207
1024
48369
33421
12191
3086
31680
24133
52573
42880
18677
35720
492
33371
35182
2122
1675
4554
25011
124
13287
51768
5534
2804
4334
1020
40803
641
24821
30376
8228
3130
143
51213
10098
33240
25143
1415
1398
3436
12001
52921
29129
37781
11911
